Training started: 2026-05-19T19:48:32.976756
Embedding dim: 128
Batch size: 32
Optimizer: Adam
Learning rate: 0.001
Triplet margin: 0.3

Epoch    Loss           Cosine AUC       Euclidean AUC
------------------------------------------------------
1        0.556660       0.789112         0.789112
1        0.555021       0.758732         0.758732
2        0.391020       0.794454         0.794455
3        0.323767       0.800917         0.800917
1        0.638563       0.728505         0.728505
1        0.643899       0.750565         0.750565
2        0.533292       0.765276         0.765276
3        0.494544       0.775037         0.775037
4        0.468795       0.775181         0.775181
1        0.165271       0.774116         0.774116
2        0.119982       0.791040         0.791040
3        0.102545       0.815465         0.815465
4        0.091911       0.821394         0.821394
5        0.085517       0.829910         0.829910
6        0.080170       0.841828         0.841828
7        0.076627       0.840531         0.840531
8        0.073777       0.844029         0.844029
9        0.071788       0.838270         0.838270
10       0.069929       0.852527         0.852527
11       0.067551       0.850690         0.850690
12       0.066553       0.850047         0.850047
13       0.065272       0.853234         0.853234
14       0.063715       0.850899         0.850899
